12
24
9
24
12
14
21
1
6
17
6
22
8
4
21
13
12
16
4
9
24
18
3
3
3
7
1
24
3
3
25
18
12
7
12
22
10
11
13
15
4
13
1
12
13
13
3
17
4
1
15
2
15
7
20
21
15
19
2
2
15
1
5
16
2
5
23
12
13
22
12
10
2
12
8
4
11
13
10
5
2
6
17
12
13
3
13
7
21
16
14
16
24
23
7
18
1
8
17
2
3
8
11
13
24
17
14
1
11
24
20
4
10
19
17
24
22
23
25
12
25
16
18
7
14
21
19
24
16
9
10
14
9
15
25
24
20
18
7
10
10
12
13
19
18
16
18
16
7
16
18
13
11
6
12
8
13
13
6
3
20
6
18
6
13
22
10
2
12
8
22
22
15
22
25
10
15
18
1
25
5
6
1
21
5
19
21
15
23
23
12
15
12
6
2
8
6
7
5
20
22
25
19
20
9
3
12
23
2
24
3
6
2
7
20
7
25
22
5
23
16
2
10
4
17
12
16
15
9
2
6
10
5
5
21
1
4
22
6
12
25
19
1
16
24
24
13
23
5
8
24
13
16
6
5
12
5
7
9
20
4
7
9
15
17
15
20
18
17
23
8
17
16
5
23
15
21
22
12
14
18
13
15
3
24
1
19
3
11
21
21
18
7
3
10
13
10
6
15
17
17
21
24
9
13
19
3
6
4
13
6
19
22
11
17
2
19
7
25
19
3
18
25
24
17
10
20
21
8
13
17
25
4
13
20
10
18
17
1
21
4
18
2
9
23
13
21
15
15
22
4
9
18
13
20
14
8
11
11
22
6
25
20
7
18
21
11
16
9
24
8
1
19
16
12
15
2
2
5
7
7
21
18
10
12
19
15
8
17
4
23
19
3
12
19
15
17
7
10
6
17
14
16
12
12
14
18
2
12
18
7
1
9
5
16
3
11
24
2
8
9
8
8
5
18
17
25
9
12
1
10
10
22
25
20
24
16
5
25
24
10
16
14
25
16
22
13
5
6
6
21
12
9
8
16
3
14
7
21
12
8
18
22
19
14
22
18
24
13
2
10
18
14
4
1
14
6
1
11
6
6
5
7
24
9
16
12
20
21
24
15
9
19
25
3
14
13
20
1
13
22
21
9
6
5
21
6
2
24
9
4
7
23
8
5
19
16
3
2
23
8
25
7
20
11
10
4
18
7
11
24
4
23
18
6
9
1
24
23
24
2
14
18
22
21
17
13
8
24
4
14
9
15
24
4
23
12
19
7
5
24
4
11
15
3
21
14
16
7
11
16
3
13
4
17
7
15
7
7
19
4
3
2
14
11
4
4
14
25
24
25
18
2
21
21
15
4
10
16
20
6
17
2
9
21
12
16
12
8
1
5
23
22
17
10
24
14
11
17
4
9
24
23
23
15
25
12
1
3
22
13
11
15
10
25
19
4
15
10
12
25
12
10
21
7
25
25
6
19
3
16
14
18
10
23
4
9
22
10
2
16
16
6
7
11
21
25
14
21
2
21
24
13
8
3
18
23
3
4
22
22
14
12
20
9
23
15
12
4
13
6
9
7
10
11
1
14
16
17
9
17
13
13
13
7
15
1
6
10
24
19
19
7
9
23
17
1
18
9
25
18
10
12
9
14
2
4
24
20
13
6
10
25
9
24
6
22
9
21
16
1
23
15
7
14
13
5
9
14
21
10
16
20
7
18
16
3
21
14
15
25
2
2
16
19
13
1
7
7
17
1
7
4
21
22
8
24
19
23
22
5
6
22
10
11
21
7
16
1
6
17
7
14
24
20
5
12
19
4
12
15
19
3
20
23
22
17
2
7
7
4
19
12
25
2
24
22
14
17
6
25
4
6
23
1
10
25
9
15
15
25
13
4
8
21
18
12
19
2
9
18
9
25
3
6
3
5
5
3
2
22
10
17
6
14
16
24
18
12
12
19
2
25
9
22
3
13
21
15
24
18
9
10
8
17
17
22
20
4
19
15
11
8
10
18
10
1
23
19
23
17
16
24
9
4
11
8
23
5
11
14
5
25
13
21
18
2
15
9
7
25
21
18
23
10
24
2
9
3
4
14
15
3
13
19
5
15
19
16
5
19
18
19
21
13
12
16
18
17
5
16
6
24
12
2
21
15
14
7
21
4
14
15
10
2
11
2
11
18
12
15
19
25
18
8
6
9
15
13
20
18
7
23
11
12
3
16
20
5
15
5
10
9
3
14
4
10
8
18
25
4
16
24
22
20
14
25
22
8
15
